INDEX ΤΟ THE NOTRS.

1111 numbers 11111 10 pages.

11118·11111111111” 11111111 1118111711
1111111,111,111,’111,111, 11111111, 114, 110 ' θ’
157, 191 amittens 1011111166
-115, 158, 217 , 111111(*111’),154
- 11 11011, 182, 160, 188 animi 111111, 182, 162
- in 1, 155, 168, 185, 186, 11111110 (Η. 11), 109
204 11111111ε11110111, 188,168
abruptus, 176 Aristoxenus, 204
abstraxe, 215 11111111, 188
11111101, 197 artubus, 188 “
1111111111), 206 1111011111, 148, 159, 178174,
ad, 188, 158 195, 226
11111 (·1111111’), 147 1111101, 212
1111111111 (1111), 211 augmen, 208
111111111210ξο1 adv.. 148, 176, 111101111111, 192
’-11.111,111,111 11110114
- 1111111111113111, 126, » ⁴ .
212 0111111ε111111111, 192
- with 210111 (3111111 01), 0101111, 201
111 ‘Partioiplo’ 11111, 195
adque, 198, 194 1111111184
1111110111 1111, 128 01111,181,145,148, 1411180,
Aeneadum, 122 189, 191, 206
aevom, 185, 146 0011111111, 212
- (1111111186, 215 comitor, 129 ·
111110011011112, 209 1011101111, 191
agens 11111111, 18 0011111111111111,144·

111111101125 10111111111111111, 158
11111, 188; 11111, 228 1011101111 1111111111, 110, 145,
Rhenus, 224 111181 198, 218

 

